1 11· 1 , ⁴
, 11111111111111111111111111 11111, bei, aum

111111111111111111,111111111111111 · ’

11111131111111111111111111111111111111, 111 “
1111111111 1111111111 ’11 111 11111111, ,111
111 111111,111111Ε1111 ιιι 11111, 1111 111
111111 1111111111 . 111 1111 11111111111111
1111111111111111111,1111111111 1111111111
111111 1111111111 *2 1111 1111111111 1111111111
111111 111111 2 .

11111 111 1111111111111111111 11111
Ωιι1111 11111 ιιι 111 111111111111’1111111111ΙῚ
1111 1111111111 1111111111, ‚ ,

11111111,111111111111111111111111 ¹
111111111111111,11111111111111111111111 „
1111111111111111111111111111111111 ’
(11111113 1111, 1111 1111111111111111, ,·

⁰ 1

11 gr

11111111 1111 1111111111111 1111 11111 ,(111

11111111 1111111111 11111111, 111 ,

{²¹2³ 11111 ΕΙ1111111111 11111, 111 111111 - “ ·

111111111111111 111111 1111111 11111 1111111 1

1111111111 111111111111111,11 1111111· 11

, 111111111111111111111 111 1111111 1111111111

1111111111 bau 11111 1111111111, 111111 111111
ae 3 ¹

 

