( x'vn· 3
’33333333 333333 333 333333 ,3833333333
3333333333

· 333 3333333333 3333333 333 3333333333333
3 3333 33333333 ,,33 33333 333333 3333333333·
3, 333 3333333 333 bie (3333333333 3336333333
,,333’ ’33333 333 3333333333 ,,333 3333

3333333 333333 belm 333 Ὅ33333333333333

„menn 33 3333333 33333 33333, 333333 333333
3, ,3333333333 33333333 33333333 33333 3333
,,333 333333 333 ww .—-· 33333333
(ΘΓ 33) [aot 3333333 „ww 3333333
’3580333333319333 33333333 &it 333333 333333
,,333 (3333333333 ’333 ’633333333333
»3333336333 333 3333333333 (principia

„ 33333 3333 33333 3333333333”’- 33333 3333· .„„.„„

333 3333333333 3333 „we 33333333 333, 3333

,3333 3333333 3333333333333333, 333 ·

„ber 33333333 333333333333 3333

33333333333331333 333333 3333333333 ·

,,3333 . Qie 3333333333 3333333 333333 “
333333 3.,3.,33.” , · ’

333( 3

 

