(⁶0)

mmmmm musteus&
11111 11111· 1111111 111 ein 1111111111
{beist 11111111111111111111111111111111111

1111111 11111111 111111 1111111 111111 111 1111
111111 11111111111111111111111111111111

’ 1111111111 111 1111111111 111111111111111111
1111 31 1111111 611 1111 11 1111111111, 111
11111111111111111 11111111111111111111111111
1111111111 111111111111. 1111111 111 11111111
1111111111 611 111111 111111, 111 fit 1111,

, 1111 1111111111 111111111111111111 111 6111ς
111111111111111111 3111111111 11111111 111111
611 11111111 111 1111111111111111111 61111111
11111111 1111 111111161111111 1111

’ 6111111111 611 111111 11111 1113111111, 11
11111111 1111111 111111 1111111. 1111111111
11111111 11111 1111111 111111 1111111111 1111111111
,111111 1111111 111 1111 11111111 1111111111

, 11111 11111111 1111 1111111611 1111111111 11111
, 11111111111111Μ11111111111111-111111

111111111111111 1611111111111111111“111111111
dc‘firs.)

ι 3111111 1111111 11111111 11111111 1111 1111111
· 11111111111111111111111 6111111111 11111
ι 111111111111111111111111111111111111111

 

· · ,11111111111111111111111111111

