( 336 6
6666666666)- 6666666666 666666 666
,36666666 6666 6666666666 6666666

666666 666 6666666 6666666666 666666 666 ’

6666666666666 666666 6666666666
’ 6666666866666666666666666666666. v

666 36666 66666 66 666 66666666 666 66666)
66666, 666 6666666 6666666 6666 6666 666666
6666666666 muel 6666 666666, eim 6666666
naturam, 66666 mie ,eringfebm 6666 6666 ¹
66666 6666669666 666, 666 666666 6366666666666 ,
66666666-,6666666666 66 6666 666666 6666666666

6666666666666666 set) 6666 6666666666). 1 - )

. ,χῃωωζ
L-a-u--n--J-..m-—w

),;6’66666666666 6666666 66666 66) ’66666 666 66666 ¹

·’ 666666666666666666666666666666666 6
,. 6666666666 6666 666666666666 6666666)
÷ 666 666 6666666666 666666 6666666 mmor 666
, . - 666666 6666666666 666 6666663 666 Qum}
,Λ selbeQ Qin 66666666) 6666666 66666 66666)

“ ” ” ’666666 66666Ι 66666666 666 66666666( 6666666 m}

“ ζ 66666666 666 666666 66666· 66 6666 666 666666
’ [6666666666666666 alsoQtfttst'J' 66666666

‘2' 66 66666 6666666, 6,,666.)

 

